Material,AR_Moisturecontent,AR_Ashcontent,AR_Volatilematter,AR_Fixedcarbon,AR_Netcalorificvalue(LHV),AR_Carbon,AR_Hydrogen,AR_Nitrogen,AR_Sulphur,AR_Oxygen,cluster
bark,12.3,3.5,70.36,13.84,15.73,44.16,5.11,0.1,0.06,34.75,0
wood,10.0,0.32,75.59,14.09,16.26,44.87,5.51,0.09,0.08,39.11,0
wood,8.12,0.4,76.84,14.64,16.85,46.98,5.26,0.13,0.03,39.06,0
wood,12.37,0.55,73.98,13.1,15.53,44.65,4.99,0.11,0.04,37.26,0
wood,10.0,0.78,76.03,13.19,16.28,45.13,5.49,0.03,0.03,38.52,0
wood,35.6,0.9,53.97,9.53,11.01,32.32,4.83,0.32,0.32,25.71,2
wood,14.42,2.36,69.38,13.84,14.91,42.23,5.07,0.06,0.11,35.72,0
wood,10.79,1.81,71.79,15.61,16.1,44.16,5.23,0.22,0.01,37.75,0
wood,14.76,0.88,69.28,15.08,15.14,42.65,5.43,0.18,0.03,36.08,0
wood,11.9,2.92,70.57,14.62,15.53,43.06,5.15,0.36,0.06,36.54,0
wood,4.3,1.52,78.47,15.7,17.27,47.4,5.79,0.27,0.07,40.63,0
wood,10.6,2.24,72.27,14.89,15.88,43.84,5.33,0.29,0.04,37.66,0
wood,11.8,1.22,71.87,15.11,15.71,43.31,5.17,0.28,0.04,38.18,0
wood,4.5,2.16,77.2,16.14,16.7,46.75,5.65,0.36,0.04,40.52,0
wood,12.2,1.37,71.43,15.0,15.51,43.02,5.22,0.25,0.04,37.89,0
wood,10.0,0.21,77.13,12.66,17.12,46.42,5.2,0.05,0.01,38.09,0
wood,8.77,0.38,78.28,12.56,17.09,48.04,6.41,0.11,0.05,36.21,0
wood,7.57,0.95,75.64,15.84,17.47,47.02,5.8,0.17,0.04,38.43,0
wood,10.81,0.31,74.77,14.11,17.0,47.24,5.51,0.12,0.21,35.78,0
wood,7.07,0.34,78.04,14.54,17.67,48.71,5.59,0.09,0.08,38.07,0
wood,6.61,0.35,78.93,14.1,17.58,48.82,5.69,0.13,0.23,38.13,0
wood,6.28,0.23,78.66,14.83,17.58,49.24,5.66,0.04,0.53,38.0,0
wood,6.19,0.63,77.96,15.23,17.52,47.63,5.91,0.14,0.01,39.35,0
wood,7.71,0.42,80.36,11.51,17.54,47.58,5.52,0.1,0.02,38.63,0
wood,6.23,0.6,77.4,15.77,17.66,48.2,5.9,0.11,0.15,38.78,0
pine,13.67,1.15,69.45,15.73,16.46,45.84,5.21,0.15,0.02,33.94,0
wood,9.78,0.42,75.04,14.75,17.17,46.53,5.52,0.16,0.07,37.5,0
wood,8.01,0.21,78.84,12.94,17.55,47.45,5.32,0.06,0.01,38.93,0
wood,11.96,0.52,73.21,14.32,16.69,45.34,5.39,0.11,0.04,36.63,0
wood,12.41,0.29,73.48,13.82,16.35,45.87,5.29,0.02,0.22,35.89,0
wood,10.85,0.52,75.6,13.03,16.7,45.28,6.15,0.36,0.07,36.75,0
wood,5.92,0.33,79.39,14.36,17.67,49.37,5.64,0.05,0.46,38.22,0
wood,9.7,0.12,76.79,13.39,16.93,46.3,5.59,0.12,0.12,38.04,0
pine,40.0,0.39,49.15,10.46,10.75,32.35,3.92,0.13,0.02,23.17,2
pine,35.0,0.37,52.42,12.21,11.98,34.52,4.23,0.12,0.02,25.72,2
wood,5.53,0.74,77.95,15.79,17.86,48.09,5.9,0.14,0.13,39.44,0
wood,4.0,0.12,81.27,14.6,18.02,49.81,5.91,0.12,0.03,39.98,0
wood,50.0,1.5,36.5,12.0,8.66,26.68,2.81,0.05,0.05,18.92,2
pine,8.18,0.33,77.53,13.96,17.38,47.13,5.63,0.11,0.02,38.54,0
wood,4.63,0.38,80.46,14.52,17.55,48.7,6.03,0.2,0.04,39.93,0
wood,5.0,0.42,80.12,14.46,18.24,49.82,6.04,0.13,0.26,38.32,0
wood,7.8,0.3,78.18,13.73,17.81,48.45,5.92,0.13,0.22,37.18,0
wood,5.82,0.07,80.38,13.73,17.95,49.81,5.92,0.17,0.02,38.16,0
wood,26.0,1.0,60.35,12.65,12.91,36.64,4.3,0.23,0.01,31.8,0
wood,4.18,2.15,79.45,14.22,17.34,47.89,5.7,0.17,0.11,39.77,0
wood,7.17,1.19,77.19,14.45,16.9,47.23,5.63,0.14,0.04,38.59,0
wood,4.7,0.58,80.2,14.51,17.22,47.76,5.94,0.12,0.03,40.84,0
wood,4.42,0.56,81.43,13.58,17.3,48.27,5.67,0.17,0.01,40.89,0
wood,5.0,0.49,81.1,13.4,17.34,48.3,5.77,0.21,0.42,39.79,0
bark,20.4,6.8,59.32,13.48,12.95,37.46,4.57,0.31,0.09,30.37,0
bark,16.92,7.78,62.85,12.45,13.57,39.27,4.32,0.33,0.04,31.3,0
bark,20.46,8.46,58.51,12.58,12.71,36.8,4.03,0.37,0.06,29.8,0
bark,25.11,8.39,54.92,11.58,11.97,34.67,4.04,0.35,0.01,27.4,2
wood,4.0,0.64,81.85,13.51,17.59,48.79,5.84,0.13,0.19,40.38,0
wood,5.5,1.14,79.19,14.17,17.16,47.46,5.58,0.06,0.09,40.16,0
wood,5.74,1.19,79.37,13.71,16.59,47.48,5.66,0.18,0.02,39.73,0
wood,4.59,0.43,81.67,13.31,17.48,48.95,5.84,0.1,0.1,39.97,0
wood,33.85,1.42,53.59,11.13,11.37,33.56,3.78,0.22,0.03,27.12,2
wood,10.75,1.54,72.45,15.26,16.21,44.87,5.19,0.19,0.05,37.38,0
wood,5.31,0.9,77.55,16.24,17.19,47.09,5.74,0.23,0.04,40.59,0
wood,5.31,1.03,77.92,15.74,16.88,47.13,5.75,0.25,0.05,40.49,0
wood,8.15,1.35,74.83,15.67,16.76,46.44,5.33,0.29,0.03,38.4,0
wood,20.2,1.67,63.96,14.17,14.03,39.76,4.68,0.26,0.03,33.37,0
wood,28.3,0.31,59.89,11.5,12.32,35.84,4.14,0.16,0.03,31.2,2
wood,28.9,0.6,58.72,11.78,11.79,35.35,4.26,0.12,0.04,30.72,2
wood,48.3,0.74,42.83,8.13,8.2,25.49,3.12,0.09,0.01,22.22,2
wood,29.9,0.37,57.59,12.14,11.96,34.49,4.12,0.12,0.08,30.9,2
wood,36.0,0.58,59.37,4.05,10.79,31.71,3.76,0.17,0.03,27.74,2
wood,25.2,0.94,62.7,11.16,13.01,37.02,4.35,0.14,0.04,32.3,0
wood,17.2,0.63,69.45,12.72,14.75,40.55,4.84,0.18,0.03,36.56,0
wood,30.0,0.38,58.68,10.94,11.97,34.88,4.03,0.15,0.04,30.5,2
soft,30.5,1.3,55.6,12.6,12.02,35.53,5.52,0.2,0.27,26.67,2
wood,10.0,0.6,76.56,12.83,16.26,44.83,5.45,0.1,0.01,39.0,0
almond,6.52,5.73,68.99,18.76,16.29,44.43,5.58,1.06,0.06,36.61,0
almond,6.93,3.06,70.73,19.27,16.77,45.88,5.56,0.71,0.04,37.81,0
olive,6.08,1.62,77.01,15.29,18.78,49.59,6.28,0.42,0.05,35.92,0
cotton,9.7,2.57,68.7,19.03,15.56,43.78,5.53,0.88,0.09,37.46,0
sunflower,10.5,3.8,66.1,19.6,16.45,43.79,5.4,0.77,0.17,35.57,0
cotton,16.8,3.8,57.3,22.1,13.07,42.56,4.13,1.03,0.79,30.89,0
bagasse,54.0,2.7,34.8,8.5,6.34,22.08,2.42,0.78,0.04,17.97,2
barley,6.2,4.0,72.04,17.77,15.66,43.02,5.55,0.4,0.19,40.31,0
barley,7.3,5.93,69.9,16.87,15.56,42.73,5.5,0.72,0.31,37.14,0
wheat,15.1,7.6,62.32,14.98,13.6,37.29,4.69,0.62,0.19,34.29,0
wheat,12.9,6.1,66.02,14.98,13.96,40.29,5.13,0.86,0.14,34.47,0
wheat,13.01,8.31,61.86,16.82,13.35,37.32,4.45,0.46,0.25,34.41,0
railroad,9.6,0.81,69.79,19.8,17.85,48.36,4.97,0.27,0.01,35.96,0
sewage,9.9,31.54,48.2,10.36,12.4,30.63,4.41,4.23,1.17,18.03,1
sewage,9.6,27.75,52.88,9.76,13.47,33.0,4.7,5.06,1.08,18.71,1
wood,47.1,18.52,26.77,7.62,5.4,18.61,1.99,0.45,0.04,13.27,3
wood,39.0,5.07,43.74,12.19,9.35,29.37,3.51,0.39,0.06,22.54,2
wood,39.6,13.97,36.54,9.89,7.49,24.17,2.88,0.27,0.07,19.02,2
wood,35.0,25.59,30.23,9.18,6.9,21.25,2.2,0.41,0.08,15.4,2
paper,11.0,40.82,43.34,4.84,6.57,21.0,2.74,0.64,0.11,23.59,1
wood,42.9,4.12,42.37,10.61,9.11,26.96,3.0,0.24,0.07,22.67,2
wood,11.5,16.26,56.55,15.69,14.17,38.18,4.28,0.58,0.45,28.63,0
wood,21.4,0.97,62.96,14.67,14.04,39.14,4.59,0.15,0.04,33.68,0
paper,63.3,14.96,19.89,1.85,1.35,9.06,1.12,0.15,0.05,11.34,3
wood,12.6,7.08,63.63,16.69,14.9,41.52,4.81,1.22,0.07,32.64,0
wood,12.4,2.54,67.19,17.87,15.83,44.33,5.17,1.31,0.04,34.15,0
wood,15.1,2.46,65.29,17.15,15.05,41.47,4.84,1.19,0.07,34.87,0
wood,4.3,0.67,74.93,20.1,18.49,47.66,4.69,0.29,0.01,42.36,0
wood,9.34,0.48,78.52,11.66,16.06,44.89,5.21,0.13,0.03,39.87,0
wood,4.8,1.16,80.99,13.05,17.2,47.05,5.71,0.22,0.05,41.0,0
switchgrass,8.16,4.22,72.73,14.89,15.74,43.04,5.37,0.53,0.1,38.12,0
rice,11.73,17.79,57.92,12.56,11.77,34.64,4.39,1.12,0.09,29.69,0
wheat,9.19,7.48,68.6,14.73,14.7,40.88,5.14,0.83,0.17,36.07,0
corn,6.06,4.75,75.96,13.23,15.68,43.98,5.39,0.62,0.1,38.85,0
switchgrass,13.68,5.64,66.49,14.19,14.91,40.9,4.9,0.48,0.05,34.27,0
pistachio,7.53,1.3,75.49,15.68,16.76,46.41,5.83,0.63,0.2,38.06,0
almond,7.85,2.8,70.13,19.22,16.16,46.2,5.48,0.68,0.03,36.95,0
almond,8.18,5.67,67.22,18.93,15.84,42.7,5.48,1.06,0.04,36.82,0
wood,10.22,6.21,67.31,16.26,15.67,44.0,5.19,0.69,0.07,33.51,0
wood,9.28,6.58,67.61,16.53,15.27,42.61,5.06,0.5,0.03,35.91,0
wheat,9.74,5.25,71.05,13.96,15.4,42.19,5.17,0.64,0.1,36.68,0
wheat,17.41,3.21,67.09,12.29,13.7,39.27,4.84,0.48,0.08,34.57,0
wheat,15.82,4.96,66.44,12.78,13.94,39.07,4.77,0.58,0.08,34.35,0
alfalfa,9.29,4.78,71.59,14.34,15.52,42.79,5.44,2.43,0.18,34.64,0
alfalfa,7.6,4.83,73.77,13.8,15.84,43.23,5.5,2.66,0.18,35.54,0
Summer,13.27,2.33,71.93,12.47,14.67,41.21,5.03,0.31,0.04,37.81,0
Dakota,12.64,3.15,71.07,13.14,14.88,41.45,5.02,0.65,0.07,36.99,0
wood,10.23,0.85,76.52,12.4,15.99,44.07,5.29,0.32,0.03,39.21,0
wood,7.21,2.17,73.92,16.7,17.0,45.86,5.47,0.89,0.12,38.28,0
wheat,10.5,3.05,70.53,15.92,16.49,41.14,5.17,0.49,0.11,39.51,0
char,4.0,36.96,15.23,43.81,15.26,52.02,1.34,0.85,0.07,4.75,1
peat,9.8,6.77,65.5,17.93,18.43,48.26,5.23,1.8,0.29,28.86,0
wood,6.2,0.47,85.78,7.55,16.54,45.87,5.63,0.19,0.06,41.08,0
wood,11.45,0.27,76.35,11.93,15.82,44.24,5.24,0.03,0.01,38.75,0
wood,63.0,0.15,30.38,6.47,5.53,18.96,2.21,0.02,0.01,15.58,3
wood,12.07,3.17,72.98,11.77,16.28,43.85,5.2,0.25,0.03,35.42,0
wood,6.89,2.51,78.97,11.63,16.31,46.72,5.64,0.56,0.02,37.64,0
wood,52.63,1.96,36.27,9.15,7.77,24.17,2.75,0.22,0.02,18.25,2
wood,6.74,1.49,80.33,11.43,16.29,47.39,5.49,0.55,0.02,38.27,0
wood,48.91,2.03,42.1,6.96,8.6,25.7,2.35,0.53,0.06,20.41,2
wood,37.81,3.24,46.01,12.94,11.35,32.08,3.47,0.32,0.25,22.82,2
wood,9.01,11.94,67.84,11.21,15.46,42.13,4.9,0.52,0.11,31.35,0
currency,4.64,5.22,79.02,11.13,16.09,40.9,5.69,1.67,0.29,41.6,0
wood,13.58,0.95,73.38,12.09,15.3,41.43,5.05,0.54,0.05,38.39,0
wood,9.71,1.08,74.99,14.22,16.83,45.41,5.43,0.45,0.06,37.85,0
wood,12.68,1.48,71.74,14.09,15.69,42.66,5.27,0.62,0.05,37.22,0
wood,11.49,1.33,72.43,14.75,15.97,44.03,5.31,0.58,0.08,37.17,0
wood,9.98,1.54,74.01,14.47,16.24,44.92,5.31,0.55,0.06,37.63,0
wood,11.06,0.94,74.83,13.17,15.78,43.54,5.38,0.32,0.04,38.72,0
sunflower,11.6,2.74,61.88,23.78,16.44,44.9,5.3,0.52,0.11,34.76,0
RDF,21.9,8.9,51.6,17.6,14.0,35.43,4.64,0.69,0.42,28.02,2
grass,7.44,16.38,60.16,16.01,14.44,38.41,4.33,2.03,0.22,30.45,0
cacao,13.4,9.09,58.71,18.79,14.6,41.05,4.54,2.62,0.17,29.11,0
railroad,10.6,2.32,70.76,16.32,17.5,47.38,5.03,0.23,0.09,34.32,0
wood,42.0,1.6,46.69,9.71,9.13,28.43,5.02,0.28,0.28,22.39,2
corn,5.0,6.98,74.2,13.82,16.72,44.18,5.52,0.53,0.1,37.69,0
corn,5.9,20.3,60.13,13.67,12.5,35.57,4.55,0.61,0.08,32.98,0
sugarcane,10.39,2.19,76.72,10.71,15.62,43.59,5.26,0.14,0.04,38.37,0
banagrass,4.51,9.43,70.13,15.93,15.49,43.03,5.18,0.8,0.11,36.15,0
switchgrass,9.84,8.09,69.14,12.93,14.9,42.09,5.25,0.69,0.17,33.7,0
miscanthus,14.54,2.61,72.13,10.73,14.57,40.41,4.91,0.28,0.05,37.14,0
miscanthus,12.51,2.94,70.29,14.26,15.18,41.7,5.03,0.39,0.04,37.31,0
miscanthus,11.33,3.68,72.42,12.57,15.15,41.94,5.33,0.28,0.04,37.37,0
wood,36.1,17.32,36.55,10.03,7.6,21.79,2.12,0.52,0.05,22.03,2
wood,33.9,13.48,42.3,10.31,9.64,26.57,2.92,0.3,0.05,22.73,2
wood,39.8,1.02,48.04,11.14,10.42,30.2,3.24,0.21,0.02,25.49,2
wood,43.3,7.03,39.46,10.21,9.0,25.29,2.75,0.35,0.04,21.21,2
wood,41.1,2.95,44.82,11.13,9.75,27.92,3.05,0.36,0.03,24.55,2
wood,39.3,0.85,49.47,10.38,10.53,29.86,3.3,0.16,0.02,26.48,2
wood,38.2,12.76,39.12,9.92,10.61,25.09,2.89,0.33,0.04,20.62,2
wood,50.3,10.01,30.91,8.78,6.78,19.98,2.04,0.34,0.06,17.19,2
wood,43.5,1.75,44.13,10.62,9.28,27.4,3.11,0.15,0.03,24.04,2
wood,10.1,1.87,70.45,17.58,16.54,44.86,4.88,0.4,0.04,37.78,0
wood,5.15,3.06,73.58,18.21,17.21,47.04,5.4,0.24,0.04,39.01,0
paper,67.48,9.38,19.48,3.66,3.19,7.91,1.08,0.13,0.01,14.02,3
sieved,3.79,2.81,80.81,12.58,18.95,47.29,5.66,1.39,0.06,36.8,0
sieved,2.77,2.02,82.45,12.76,17.57,47.19,5.86,0.8,0.04,37.2,0
sieved,4.05,2.08,82.8,11.06,18.63,47.39,5.76,0.83,0.05,37.4,0
sieved,3.33,1.66,82.85,12.16,19.01,48.66,5.84,0.24,0.03,37.6,0
sieved,0.57,1.12,82.9,15.41,18.58,47.17,5.89,0.2,0.03,39.2,0
sieved,3.1,1.24,80.58,15.07,18.89,49.22,5.83,0.19,0.02,38.2,0
wood,22.5,19.53,45.34,12.63,10.74,30.26,3.3,0.64,0.12,23.58,2
wood,4.65,2.77,73.04,19.55,17.31,46.41,5.38,2.24,0.08,38.33,0
paper,10.7,42.24,40.54,6.52,6.26,20.45,2.63,0.64,0.3,23.0,1
sewage,10.6,32.18,47.02,10.19,12.07,29.87,4.16,4.04,1.49,17.55,1
wheat,10.0,5.76,69.57,14.67,15.81,42.48,5.22,0.63,0.15,35.6,0
barley,12.1,2.4,70.23,15.27,15.49,41.5,5.4,0.7,0.13,37.51,0
wood,11.1,1.87,69.88,17.16,16.37,43.83,5.87,0.98,0.09,36.24,0
miscanthus,14.2,1.29,70.44,14.07,15.27,41.53,5.41,0.26,0.09,37.13,0
coal,1.7,5.01,34.01,59.27,30.66,77.85,4.62,1.77,0.88,7.47,1
sewage,4.0,31.01,52.03,12.96,10.43,29.66,4.42,4.32,1.06,25.44,1
sewage,3.0,44.2,46.56,6.24,10.12,28.13,3.69,3.01,0.78,17.03,1
wheat,11.1,6.31,66.59,16.0,15.01,40.72,5.3,0.4,0.14,35.68,0
Arundo,42.01,1.99,46.5,9.5,9.17,27.29,3.39,0.35,0.07,24.79,2
mint,16.82,8.97,58.06,16.15,13.27,37.61,4.59,2.05,0.21,29.39,0
wheat,17.41,3.21,67.1,12.28,13.7,39.27,4.84,0.49,0.07,34.56,0
wheat,9.89,3.89,70.84,15.37,15.28,42.32,5.13,0.39,0.17,38.09,0
wheat,7.04,6.53,69.97,16.46,15.4,41.76,5.08,0.41,0.15,38.83,0
rice,10.94,18.04,56.57,14.45,12.92,34.58,4.23,0.46,0.04,31.59,0
rice,7.93,17.19,60.28,14.6,12.65,35.21,4.79,0.8,0.17,33.38,0
pistachio,7.54,1.3,75.48,15.67,16.76,46.41,5.84,0.64,0.2,38.05,0
walnut,23.49,1.81,61.84,12.87,15.43,41.05,4.97,1.03,0.08,27.57,0
walnut,47.85,1.54,41.5,9.11,9.66,27.91,3.4,0.8,0.06,18.44,2
prune,33.59,0.94,53.65,11.82,11.57,32.71,4.38,0.56,0.05,27.77,2
wood,14.8,15.58,51.86,17.76,12.61,35.88,3.97,0.81,0.17,28.76,0
wood,12.8,37.32,37.5,12.38,8.76,25.3,2.84,0.78,0.13,20.79,1
wood,3.45,1.55,77.98,17.01,17.61,47.02,5.64,0.4,0.03,41.9,0
banagrass,65.6,1.36,27.54,5.5,4.25,16.51,1.89,0.21,0.03,14.21,3
banagrass,52.1,1.46,39.09,7.35,6.91,23.32,2.69,0.23,0.03,20.03,2
banagrass,44.7,1.49,45.89,7.92,8.57,27.01,3.1,0.23,0.03,23.4,2
banagrass,49.3,1.35,42.75,6.6,7.61,24.74,2.82,0.16,0.03,21.6,2
straw,6.6,1.69,73.41,18.3,17.45,46.98,5.7,0.56,0.07,38.37,0
coal,1.9,2.84,7.55,87.7,33.17,87.25,3.33,1.52,0.79,2.28,1
coal,2.5,6.05,31.69,59.77,29.75,74.81,4.57,1.37,0.39,10.26,1
sewage,7.6,44.54,39.55,8.32,10.09,23.26,2.87,3.4,1.39,16.23,1
water,8.9,20.15,56.48,14.47,12.33,33.13,4.35,1.66,0.37,29.71,0
water,9.73,19.51,57.5,13.26,12.45,33.77,4.45,1.75,0.36,29.05,0
sewage,53.0,24.91,18.99,3.1,1.76,10.86,1.5,1.36,0.24,8.12,3
sewage,6.5,35.06,56.47,1.96,11.88,30.29,4.37,4.1,1.65,17.91,1
sewage,20.0,36.0,38.4,5.6,9.18,21.6,3.36,4.56,0.8,13.6,1
sewage,7.6,44.54,39.55,8.32,10.07,23.28,2.87,3.4,1.38,16.81,1
sewage,81.6,6.7,9.6,2.1,0.62,6.2,0.96,0.99,0.13,3.4,3
hemp,9.2,4.76,69.46,16.58,14.87,41.5,5.26,0.62,0.11,39.05,0
hemp,7.1,3.91,70.98,18.01,15.53,43.46,5.57,0.41,0.06,40.32,0
hemp,7.6,5.01,70.22,17.17,15.59,42.2,5.37,0.5,0.09,39.96,0
hemp,6.8,3.37,74.56,15.27,15.65,42.39,5.59,0.4,0.07,41.42,0
hemp,9.8,6.21,67.02,16.97,15.04,41.33,5.34,0.62,0.1,37.97,0
hemp,7.0,5.12,69.94,17.94,15.67,42.48,5.53,0.68,0.1,40.06,0
hemp,3.2,7.5,71.92,17.38,16.51,43.82,5.72,1.22,0.14,39.48,0
hemp,3.3,8.45,70.2,18.04,16.45,43.32,5.69,1.33,0.16,39.54,0
hemp,1.5,8.16,73.38,16.96,17.9,45.48,5.81,1.12,0.16,39.54,0
hemp,2.8,6.86,73.09,17.24,18.07,45.28,5.73,1.1,0.13,38.52,0
miscanthus,4.4,4.58,71.51,19.51,16.93,44.89,5.44,0.51,0.08,40.27,0
miscanthus,6.9,4.38,69.36,19.36,16.35,43.71,5.33,0.52,0.09,39.11,0
miscanthus,2.8,4.87,73.19,19.14,17.45,45.82,5.62,0.44,0.08,40.58,0
miscanthus,2.6,4.61,73.44,19.35,17.56,46.05,5.64,0.42,0.06,40.83,0
miscanthus,2.5,3.05,74.78,19.67,17.52,46.56,5.69,0.37,0.07,41.49,0
miscanthus,2.6,3.67,74.32,19.41,17.48,46.81,5.73,0.37,0.06,41.04,0
wood,6.0,0.38,76.61,17.01,17.62,47.47,5.73,0.19,0.03,40.19,0
wood,4.0,0.77,77.18,18.05,17.66,49.15,5.76,0.19,0.02,40.02,0
wheat,6.0,5.73,71.25,17.01,16.02,43.33,5.26,0.47,0.08,38.85,0
coal,4.0,7.97,30.53,57.5,27.93,72.48,4.51,1.25,0.67,9.04,1
coal,7.0,11.25,32.27,49.48,26.24,66.87,4.56,1.4,0.93,7.99,1
coal,17.0,6.14,35.86,41.0,21.16,58.76,3.9,0.58,0.42,13.2,1
peat,9.0,2.46,65.7,22.84,16.62,46.59,5.1,0.82,0.09,35.93,0
wood,9.9,29.73,45.5,14.87,11.11,30.63,3.78,0.92,0.13,30.45,1
wheat,11.1,6.31,66.59,16.0,15.01,40.72,5.3,0.4,0.14,35.68,0
wheat,11.1,6.4,66.59,15.91,15.01,40.72,5.3,0.4,0.14,35.59,0
wheat,11.1,5.96,66.59,16.36,15.01,40.72,5.3,0.4,0.14,36.03,0
char,5.24,43.51,10.98,40.26,8.81,26.77,1.71,0.23,0.02,7.85,1
shuttering,33.0,6.27,48.64,12.09,10.86,30.45,3.69,1.2,0.02,25.36,2
wood,15.2,0.51,71.97,12.32,14.87,41.87,5.23,0.24,0.01,36.93,0
wheat,8.2,11.2,70.14,10.47,14.81,42.14,5.14,0.55,0.12,32.28,0
coal,3.2,12.39,27.59,56.82,25.3,67.08,4.16,1.16,1.43,10.32,1
car,2.0,55.08,40.38,2.55,12.11,27.79,2.95,0.92,0.03,10.45,1
car,1.2,60.07,37.93,0.8,10.09,23.08,2.62,1.47,0.56,10.58,1
car,11.0,31.15,50.82,7.03,15.76,37.05,4.55,1.92,0.11,12.64,1
RDF,6.45,10.99,71.1,11.46,17.22,38.12,7.08,0.26,0.5,36.1,0
Finnish,9.8,6.77,65.49,17.95,20.7,48.26,5.23,1.8,0.29,28.86,0
Finnish,8.6,3.84,70.74,16.82,21.1,49.72,5.39,1.01,0.14,32.08,0
Estonian,0.32,43.66,54.43,1.59,11.7,33.09,3.19,0.06,1.99,18.24,1
coal,3.0,10.77,4.82,51.41,27.4,68.48,4.17,1.16,1.26,11.45,1
sorghum,10.66,7.25,65.58,16.52,14.26,35.25,6.71,0.98,0.2,38.42,0
peat,29.8,4.42,47.81,17.97,13.31,37.42,3.93,1.0,0.11,23.27,2
bark,10.9,2.05,69.59,17.46,18.71,49.09,5.61,0.39,0.04,31.91,0
waste,15.0,13.86,60.95,10.2,12.47,33.65,4.34,0.1,0.03,32.8,0
wood,4.68,2.85,71.59,20.88,17.26,47.33,5.48,0.28,0.05,39.28,0
paper,10.5,1.78,71.51,16.21,16.12,39.0,5.11,0.16,0.07,43.41,0
sewage,3.6,45.79,44.25,6.36,10.04,23.52,4.15,3.41,0.91,18.32,1
sewage,5.3,44.13,48.39,2.18,10.16,24.15,4.7,3.08,1.06,17.52,1
sewage,3.4,52.65,38.35,5.6,9.06,25.49,3.52,3.96,0.92,9.98,1
sewage,6.65,36.03,48.54,8.77,12.07,26.6,3.9,3.95,0.8,9.34,1
sewage,4.93,47.25,41.97,5.85,9.9,25.2,3.9,3.0,1.06,14.69,1
sewage,5.4,40.02,46.26,8.32,11.81,29.52,4.54,3.12,0.95,16.37,1
hazelnut,12.8,0.59,63.74,22.86,16.11,41.07,4.83,0.09,0.75,39.87,0
hazelnut,11.9,0.94,63.9,23.26,15.8,41.0,5.22,0.19,0.39,40.37,0
pig,12.7,13.27,54.91,19.12,14.47,38.12,3.65,2.16,0.42,29.25,0
miscanthus,9.1,3.1,78.63,9.17,15.97,44.18,5.45,0.47,0.18,37.33,0
olive,5.5,4.35,68.04,22.11,18.7,47.91,5.57,1.29,0.28,34.98,0
Puertollano,5.5,32.32,24.95,37.23,18.2,48.08,3.3,1.18,0.8,8.83,1
carbocol,6.4,8.33,34.54,50.73,28.02,71.71,5.1,1.71,0.43,6.34,1
wood,10.3,5.74,74.27,9.69,15.88,46.26,6.05,0.26,0.01,31.37,0
wood,8.6,2.74,81.44,7.22,15.79,44.33,5.7,0.57,0.04,38.02,0
chicken,3.89,26.33,58.97,10.8,12.09,34.51,4.79,3.42,0.74,26.31,1
cattle,13.88,13.67,60.52,11.94,13.61,39.09,4.61,0.83,0.25,26.68,0
cattle,18.0,34.11,38.79,9.1,11.08,27.02,4.02,0.57,0.64,14.33,1
cattle,10.7,44.29,36.08,8.93,9.76,22.12,3.77,3.55,0.67,14.48,1
cattle,12.8,64.11,18.6,4.49,3.09,11.3,1.26,1.27,0.27,8.79,1
cattle,24.6,31.92,40.04,3.44,7.33,21.98,2.68,1.7,0.46,15.65,2
wood,3.7,0.59,82.48,13.23,17.3,47.79,6.18,0.15,0.04,41.49,0
sugarcane,10.29,1.51,76.64,11.56,15.77,43.96,5.27,0.09,0.05,38.82,0
wheat,6.5,7.01,71.06,15.43,16.49,40.86,4.75,0.74,0.4,39.36,0
wheat,7.5,4.66,71.44,16.4,16.79,44.22,5.57,0.58,0.23,36.95,0
olive,7.83,2.24,72.17,17.76,17.8,49.82,5.35,1.75,0.28,32.7,0
olive,8.76,2.35,71.08,17.81,16.73,46.82,5.31,0.91,0.26,35.54,0
olive,9.33,1.39,73.3,15.99,17.82,49.05,5.42,1.0,0.2,33.64,0
urban,14.64,2.72,63.7,18.93,15.66,44.01,5.4,1.24,0.19,31.2,0
miscanthus,9.8,1.35,74.32,14.52,14.95,43.39,5.23,0.27,0.09,37.79,0
Arundo,36.1,2.3,49.46,12.14,10.09,28.18,3.32,0.19,0.06,30.29,2
alfalfa,10.0,8.46,66.51,15.03,15.32,40.5,5.4,2.25,1.8,33.21,0
reed,8.2,6.79,69.68,15.33,16.45,40.85,5.32,0.64,0.09,37.73,0
lignin,72.5,0.94,20.51,6.06,3.79,14.08,1.57,0.29,0.07,10.56,3
lignin,75.3,0.15,18.07,6.48,3.65,15.36,1.45,0.04,0.01,7.68,3
wood,34.93,0.69,55.03,9.35,10.93,32.06,3.86,0.26,0.01,28.17,2
urban,30.78,4.08,52.56,12.58,11.87,33.22,3.84,1.0,0.07,27.04,2
switchgrass,15.0,7.63,65.19,12.18,13.9,39.68,4.95,0.65,0.16,31.77,0
alfalfa,10.48,5.84,68.06,15.62,15.15,40.6,5.15,1.83,0.09,36.02,0
wheat,9.4,17.0,58.4,15.2,13.42,34.72,4.44,0.9,0.27,31.4,0
wheat,9.7,20.59,55.17,14.54,12.89,33.24,4.34,0.92,0.25,29.87,1
reed,7.2,6.87,71.46,14.48,14.53,41.76,5.01,0.28,0.06,38.51,0
reed,7.2,4.92,74.24,13.64,14.71,42.69,5.1,0.19,0.05,39.72,0
reed,10.9,9.09,65.93,14.08,13.3,39.2,4.72,0.45,0.08,35.55,0
reed,7.5,8.42,70.3,13.78,14.15,40.7,4.9,0.37,0.06,37.65,0
reed,8.2,2.85,74.36,14.6,14.92,42.23,5.42,0.55,0.07,40.3,0
charcoal,7.89,19.27,29.73,43.11,17.82,51.95,2.38,0.61,0.51,17.4,1
wood,25.6,0.73,61.75,11.92,13.77,34.22,4.46,0.52,0.14,34.22,0
wood,26.9,0.72,54.09,18.29,14.49,30.7,4.39,0.44,0.03,38.01,2
straw,14.0,3.87,67.08,15.05,14.93,40.85,5.07,0.6,0.13,35.13,0
humus,12.51,30.31,45.14,12.05,10.24,28.32,3.35,1.06,0.34,23.54,1
humus,18.43,38.26,34.59,8.72,7.66,22.83,2.19,1.13,0.26,16.39,1
wheat,8.3,4.77,71.34,15.59,14.9,43.21,5.3,0.43,0.17,36.86,0
sewage,5.7,37.63,51.39,5.28,12.77,30.04,4.14,4.36,1.59,16.49,1
sewage,5.1,45.93,44.51,4.46,10.59,27.67,3.53,2.64,0.73,14.35,1
wood,5.3,0.3,80.02,14.38,15.92,46.8,5.25,0.77,0.08,41.51,0
sunflower,11.85,3.38,63.96,20.81,16.03,42.53,5.15,0.71,0.21,36.17,0
paper,9.3,12.7,65.3,12.7,14.07,38.6,4.9,0.21,0.17,34.12,0
orange,73.9,0.73,21.53,3.84,4.76,13.42,1.88,0.35,0.02,9.7,3
rubber,0.45,46.82,39.42,13.31,10.0,25.22,2.45,0.14,0.19,24.73,1
olive,13.9,13.95,55.62,16.53,14.73,34.13,4.33,1.37,0.06,32.0,0
olive,11.7,7.51,65.7,15.1,16.65,42.58,5.74,1.29,0.06,30.83,0
average,11.5,12.12,27.88,48.5,24.24,61.95,3.54,1.33,0.65,8.88,1
Drayton,4.4,12.24,33.36,50.0,26.16,66.35,4.7,1.3,0.97,10.13,1
El,8.5,10.8,30.65,50.05,23.29,59.11,4.9,1.16,0.79,14.73,1
Puertollano,3.2,39.01,21.88,35.91,15.69,41.43,3.29,0.83,0.83,11.42,1
Skyline,3.66,8.72,37.38,50.24,26.57,69.94,4.72,1.09,0.39,11.66,1
SUFCo,9.5,6.84,35.39,48.27,24.61,63.17,4.73,1.06,0.3,14.39,1
Econ-ZAf,1.45,17.1,33.51,47.94,25.14,67.52,3.62,1.61,0.64,10.0,1
Polish-56,1.63,16.28,40.33,41.76,25.43,68.01,4.16,1.21,0.72,10.36,1
Fettnuss,0.32,3.25,29.51,66.93,33.78,85.88,4.96,1.65,0.7,4.53,1
ICF,1.37,8.57,31.27,58.79,27.12,73.81,4.0,1.7,0.44,10.97,1
Kaltin,1.14,5.09,43.6,50.17,27.06,73.29,5.15,1.7,0.72,13.14,1
Douglas,0.45,14.34,31.36,53.86,26.84,71.16,3.8,1.75,0.54,9.14,1
Anker,1.06,20.2,37.3,41.44,23.98,64.59,3.5,1.6,0.91,9.87,1
wood,10.2,0.93,74.53,14.33,15.7,43.82,5.39,0.13,0.02,39.96,0
palm,36.4,5.34,46.3,11.96,10.47,30.2,3.82,0.89,0.19,23.16,2
chicken,34.0,16.7,39.6,9.7,8.0,23.01,3.08,1.87,0.44,21.35,2
wood,9.0,1.0,69.89,20.11,16.29,45.05,5.64,0.85,0.07,38.49,0
wood,7.0,0.2,76.45,16.35,16.42,43.99,6.29,0.14,0.01,42.8,0
wood,7.0,0.1,75.8,17.1,16.95,45.81,5.78,0.13,0.01,42.87,0
wood,11.0,0.57,72.71,15.72,16.8,42.79,5.45,0.09,0.01,38.69,0
wheat,9.81,4.47,68.09,17.62,15.32,40.19,5.43,0.56,0.06,39.22,0
bagasse,8.35,7.06,72.95,11.64,15.4,41.43,4.95,0.18,0.02,38.31,0
algae,83.7,1.33,12.95,2.01,2.01,8.92,1.09,1.09,0.07,3.83,3
digestate,62.0,24.32,11.13,2.55,0.69,7.49,0.93,0.48,0.4,7.45,3
Chinese,7.9,17.78,58.58,15.75,13.76,33.52,4.42,0.83,0.27,33.62,0
Straw,0.1,37.86,26.17,35.86,17.37,45.95,2.8,1.2,0.41,12.49,1
Straw,0.1,49.55,8.09,42.26,19.87,42.46,1.4,0.8,0.49,5.03,1
wood,8.6,1.92,70.65,18.83,16.59,40.67,5.12,1.01,0.08,40.86,0
Demolition,0.1,7.39,33.87,58.64,26.43,64.54,3.4,1.5,0.14,20.93,1
Demolition,0.1,7.69,12.79,79.42,31.42,77.52,2.5,1.5,0.2,9.49,1
Willow,0.1,4.1,34.37,61.44,25.78,68.33,4.1,0.5,0.04,21.28,1
Willow,0.1,6.19,11.59,82.12,34.34,81.62,2.4,0.4,0.04,8.59,1
grass,11.4,10.72,62.91,14.97,15.09,39.07,4.96,2.22,0.41,31.54,0
bread,9.48,2.68,72.13,15.71,15.3,41.41,6.45,2.59,0.15,35.99,0
cacao,9.33,7.49,65.21,17.97,16.37,43.74,8.32,2.53,0.05,28.52,0
palm,7.79,5.4,72.09,14.72,15.01,46.54,6.79,2.49,0.02,30.98,0
olive,9.48,5.0,61.1,24.42,16.05,44.69,7.1,1.16,0.1,32.47,0
paper,2.47,44.61,51.74,1.18,6.24,23.21,3.26,0.09,0.16,26.15,1
sunflower,8.59,6.23,70.2,14.97,14.23,42.86,6.13,5.47,0.27,30.46,0
waste,8.4,3.64,69.83,18.14,15.85,43.84,7.87,1.03,0.01,34.31,0
RDF,4.97,11.44,69.52,14.06,15.99,44.11,6.18,0.73,1.06,30.56,0
RDF,12.48,30.15,51.25,6.12,12.73,37.83,7.0,1.03,0.35,11.16,1
Profactus,8.65,0.44,72.99,17.92,17.28,48.1,5.46,0.19,0.08,37.06,0
wood,45.0,0.06,46.59,8.36,8.83,27.01,3.52,0.11,0.11,24.2,2
reed,65.2,1.43,26.48,6.89,3.8,15.94,2.12,0.35,0.03,14.93,3
sheep,47.8,10.91,34.03,7.26,6.61,21.19,2.66,1.1,0.31,16.03,2
dairy,70.3,18.5,9.09,2.11,0.72,6.56,0.86,0.33,0.03,3.42,3
chicken,20.0,17.0,55.3,7.7,10.43,30.48,4.48,2.8,0.48,24.72,2
wood,8.0,1.36,77.12,13.51,15.36,46.76,5.27,0.11,0.03,38.47,0
rice,7.01,15.64,61.95,15.4,12.5,36.96,4.58,0.87,0.18,34.76,0
rice,4.04,16.67,63.37,15.92,14.54,39.71,4.94,0.49,0.08,34.07,0
wheat,6.21,7.14,68.75,17.9,15.19,42.8,5.1,0.68,0.21,37.86,0
peanut,7.99,7.5,65.85,18.66,15.16,43.8,4.92,1.52,0.17,34.1,0
corn,8.02,6.46,67.55,17.97,14.3,41.18,4.96,0.78,0.19,38.41,0
corn,7.04,2.9,72.67,17.39,15.05,43.24,5.28,0.44,0.08,41.02,0
sorghum,5.97,6.47,69.11,18.45,15.47,43.32,5.42,0.37,0.25,38.2,0
sugarcane,46.0,6.69,41.77,5.54,7.39,24.54,2.84,0.12,0.03,19.79,2
sugarcane,71.8,4.42,20.19,3.58,2.66,12.55,1.46,0.14,0.05,9.54,3
wood,8.7,0.46,74.4,16.44,16.78,45.79,5.54,0.08,0.01,39.43,0
wood,33.1,0.54,54.62,11.75,11.14,33.05,4.05,0.15,0.01,29.07,2
sewage,73.2,12.81,13.39,0.6,0.93,7.23,1.01,0.87,0.25,4.6,3
brassica,7.4,7.13,70.56,14.91,15.72,42.87,5.65,0.65,0.45,35.47,0
thistle,10.1,8.0,68.5,13.4,14.18,40.1,5.57,0.68,0.15,34.69,0
almond,13.7,0.81,69.99,15.5,15.74,42.89,5.44,0.22,0.01,36.93,0
Eucalyptus,12.0,4.22,68.73,15.05,14.9,41.71,4.84,0.26,0.04,38.81,0
oat,8.2,5.42,73.9,12.48,16.02,43.7,5.32,0.46,0.07,39.93,0
Coconut,49.0,5.87,36.72,8.42,7.28,21.62,2.62,0.02,0.02,20.81,2
Leucaea,24.0,1.9,63.23,10.87,13.24,36.4,4.44,0.31,0.06,32.91,0
Panicum,13.5,9.17,60.81,16.52,14.17,36.5,4.66,0.4,0.09,35.64,0
miscanthus,11.1,8.27,64.54,16.09,14.69,35.38,4.51,0.95,0.04,39.29,0
orange,7.05,4.23,71.67,17.05,15.73,43.13,5.3,1.41,0.05,38.83,0
sewage,7.99,24.15,57.41,10.44,15.0,36.16,5.3,5.47,1.09,24.13,1
sewage,7.97,24.24,57.15,10.64,14.99,36.08,5.36,5.47,1.06,23.52,1
coffee,10.1,2.25,74.8,12.86,16.9,44.41,5.48,0.73,0.06,37.04,0
pig,21.61,14.23,51.56,12.6,10.0,27.63,3.71,3.43,0.67,28.73,2
aubergine,83.64,2.15,11.6,2.62,0.5,6.89,0.75,0.36,0.02,6.21,3
pepper,80.91,3.41,13.27,2.41,0.76,7.5,0.8,0.63,0.08,6.68,3
olive,6.86,5.17,71.89,16.09,19.02,47.89,6.11,1.84,0.1,32.02,0
wood,4.7,3.54,79.71,12.06,16.49,46.81,7.45,0.53,0.02,36.95,0
oil,82.6,1.31,12.39,3.7,0.19,7.24,1.03,0.04,0.17,7.61,3
sewage,7.9,24.18,57.75,10.18,15.04,36.2,5.34,5.48,1.07,23.96,1
wood,15.3,6.18,63.27,15.25,14.5,38.99,4.83,1.63,0.15,31.63,0
wood,13.0,13.57,59.86,13.57,13.45,37.68,4.58,1.67,0.13,32.3,0
RDF,7.7,15.09,64.06,13.15,16.71,41.35,5.45,1.13,0.49,28.15,0
pig,7.2,13.83,60.23,18.75,15.25,41.18,5.17,2.06,0.44,35.17,0
chicken,0.8,29.51,52.58,17.11,14.46,36.56,4.77,3.62,0.94,28.62,1
digestate,2.3,54.81,33.02,9.87,8.29,21.84,2.6,1.34,0.54,18.56,1
wood,5.8,1.5,82.43,10.28,17.03,45.42,5.93,0.13,0.01,41.21,0
sewage,8.65,39.42,47.27,4.66,11.17,28.21,3.98,4.35,1.13,14.26,1
cotton,15.0,2.68,63.07,19.25,12.03,40.44,5.07,0.21,0.1,36.5,0
wood,11.6,3.53,70.57,14.3,15.34,47.87,7.6,0.61,0.02,28.77,0
sewage,2.15,62.2,25.85,9.79,11.3,30.3,2.16,0.95,1.32,0.92,1
MSW,6.16,15.78,68.13,9.93,17.4,46.2,7.65,1.71,0.23,22.27,0
plastic,6.83,24.82,63.11,5.24,17.32,45.68,7.69,0.81,0.11,14.06,0
Mango,72.99,1.18,19.32,6.51,2.82,11.24,1.9,0.25,0.02,12.42,3
Litchi,62.32,1.58,25.63,10.47,5.21,16.99,2.5,0.36,0.02,16.23,3
Longan,56.59,3.08,28.61,11.72,6.33,18.54,3.01,0.45,0.04,18.28,3
Mango,51.41,1.46,34.55,12.58,7.05,21.28,3.3,0.55,0.04,21.95,2
Litchi,59.86,0.96,27.5,11.68,5.3,17.5,2.75,0.46,0.03,18.44,3
Longan,35.06,2.16,45.3,17.48,10.05,27.99,4.45,0.77,0.05,29.52,2
bituminous,3.0,9.3,33.2,54.49,28.14,71.91,4.65,1.23,0.35,9.56,1
wood,12.4,0.9,71.7,15.0,16.69,46.21,5.38,0.09,0.01,35.03,0
MSW,25.62,29.54,39.86,4.98,9.19,25.13,2.76,1.36,0.51,15.09,2
